640 1690308673
1840 1690308828
5420 1690309053
480 1690309189
2520 1690309308
1200 1690309418
2980 1690309430
1560 1690309539
400 1690309624
7120 1690309726
320 1690309751
2000 1690309768
180 1690309989
2280 1690310093
320 1690310181
200 1690310197
280 1690310236
1640 1690310256
1980 1690310358
2060 1690310394
6600 1690310512
16240 1690310533
580 1690310578
4880 1690310623
380 1690310633
1180 1690310701
1820 1690310827
4240 1690310846
3320 1690310856
800 1690310876
4520 1690310881
380 1690311040
680 1690311206
860 1690311228
4920 1690311281
4440 1690311295
100 1690311328
6700 1690311378
3140 1690311385
520 1690311406
900 1690311531
2620 1690311536
180 1690311538
580 1690311545
640 1690311587
80 1690311757
1480 1690311797
400 1690311827
5820 1690311832
3060 1690311834
4500 1690312020
740 1690312139
2520 1690312174
2580 1690312231
4600 1690312338
920 1690312419
720 1690312461
360 1690312535
2420 1690312607
540 1690312607
980 1690312614
3520 1690312622
560 1690312652
340 1690312725
1260 1690312756
3260 1690312885
4200 1690312890
740 1690312970
4920 1690312972
2480 1690313040
1820 1690313123
1860 1690313198
9060 1690313258
1560 1690313304
2320 1690313327
3160 1690313516
100 1690313569
600 1690313579
2240 1690313601
220 1690313687
4700 1690313762
520 1690313789
860 1690313941
920 1690313990
540 1690314210
1300 1690314230
720 1690314329
800 1690314340
1360 1690314407
1760 1690314430
1340 1690314472
480 1690314502
1100 1690314528
1060 1690314601
340 1690314680
300 1690314844
160 1690314949
3180 1690315114
80 1690315183
8440 1690315193
120 1690315278
1560 1690315291
260 1690315310
460 1690315367
2900 1690315470
1040 1690315554
340 1690315600
1880 1690315806
520 1690315833
600 1690315839
1200 1690315889
5180 1690315896
2460 1690315918
1480 1690315972
760 1690316056
1380 1690316068
2080 1690316245
2660 1690316368
5600 1690316450
2320 1690316561
5480 1690316580
1540 1690316584
3180 1690316713
760 1690316757
80 1690316825
1720 1690316896
2860 1690316968
4100 1690316969
1880 1690316999
820 1690317051
4180 1690317232
1700 1690317355
620 1690317368
1400 1690317668
1260 1690318020
560 1690318037
1400 1690318039
1680 1690318072
3800 1690318176
260 1690318298
1600 1690318373
2180 1690318428
4060 1690318480
3520 1690318589
180 1690318601
1100 1690318667
1440 1690318715
460 1690318724
1960 1690318808
900 1690318832
2160 1690318992
300 1690318994
100 1690319041
600 1690319100
940 1690319142
2420 1690319242
1500 1690319265
460 1690319313
1640 1690319355
7680 1690319392
1180 1690319452
1800 1690319488
12700 1690319490
580 1690319552
2560 1690319667
2420 1690319921
240 1690319944
800 1690320265
3240 1690320300
2320 1690320317
7640 1690320318
700 1690320358
80 1690320367
1300 1690320408
1640 1690320432
1260 1690320464
2020 1690320568
1680 1690320593
4980 1690320605
1620 1690320664
80 1690320748
3880 1690320781
720 1690320984
180 1690321015
1620 1690321184
5280 1690321245
2560 1690321268
2680 1690321271
2200 1690321286
3440 1690321309
3520 1690321324
2940 1690321359
400 1690321420
1760 1690321484
2700 1690321529
440 1690321543
880 1690321604
980 1690321677
3740 1690321742
5020 1690321798
1980 1690321842
4440 1690321896
2360 1690321921
1320 1690322064
3560 1690322215
460 1690322368
1260 1690322403
1860 1690322698
120 1690322710
1080 1690322897
5240 1690322913
920 1690322916
560 1690322989
2480 1690323000
1500 1690323050
3240 1690323231
80 1690323238
560 1690323337
4920 1690323347
300 1690323441
60 1690323506
560 1690323552
240 1690323746
1480 1690323771
2200 1690323802
2420 1690323837
140 1690323937
320 1690324022
1100 1690324084
8140 1690324118
2320 1690324247
1220 1690324258
2220 1690324278
480 1690324328
320 1690324330
3220 1690324387
13500 1690324387
2140 1690324434
240 1690324516
380 1690324818
3560 1690324866
1360 1690324872
440 1690324915
2960 1690324944
3220 1690325039
10800 1690325042
340 1690325114
160 1690325195
1460 1690325382
3500 1690325458
1380 1690325514
720 1690325532
2800 1690325556
6880 1690325601
1680 1690325628
1980 1690325766
760 1690325806
580 1690325930
1100 1690326002
1080 1690326513
2860 1690326596
2840 1690326768
440 1690326773
880 1690326961
4880 1690327100
2860 1690327151
2500 1690327216
4380 1690327228
280 1690327405
2880 1690327504
4320 1690327664
7880 1690327707
2360 1690327750
1080 1690327750
360 1690327874
500 1690327921
740 1690328049
4280 1690328091
120 1690328255
11480 1690328279
12520 1690328280
2860 1690328391
1940 1690328439
10680 1690328586
1000 1690328603
12280 1690328714
500 1690328793
1900 1690328910
2060 1690328912
1860 1690328967
1600 1690329112
1720 1690329174
2060 1690329184
3500 1690329219
4440 1690329314
3340 1690329356
1120 1690329373
1340 1690329407
280 1690329551
2180 1690329750
7220 1690329783
1540 1690329805
7500 1690329870
680 1690329918
2160 1690329942
1140 1690329950
1920 1690330117
320 1690330172
6580 1690330175
560 1690330272
620 1690330333
1220 1690330441
2340 1690330446
2920 1690330588
5800 1690330597
2540 1690330602
2400 1690330650
2520 1690330679
1920 1690330679
2280 1690330688
4980 1690330839
740 1690330982
680 1690331011
6100 1690331034
4760 1690331091
2440 1690331193
5680 1690331267
520 1690331325
520 1690331368
2240 1690331410
3140 1690331439
700 1690331444
860 1690331604
1660 1690331653
200 1690331737
1080 1690331752
3000 1690331787
4360 1690331837
5020 1690331861
1140 1690331967
1320 1690331979
3460 1690332094
1240 1690332120
1220 1690332183
120 1690332210
640 1690332230
60 1690332276
2700 1690332306
480 1690332341
720 1690332348
4980 1690332450
740 1690332460
8460 1690332555
3180 1690332572
320 1690332595
1500 1690332624
2820 1690332629
10520 1690332662
3400 1690332707
3320 1690332742
3960 1690332955
2080 1690333035
5500 1690333160
3000 1690333196
2580 1690333207
700 1690333304
2380 1690333342
4600 1690333429
80 1690333513
1440 1690333529
2560 1690333604
980 1690333665
5440 1690333694
4240 1690333772
400 1690333817
200 1690333841
7220 1690333871
5460 1690333875
60 1690333947
80 1690333966
1600 1690333993
8000 1690334059
2960 1690334079
3060 1690334081
3340 1690334103
2860 1690334171
60 1690334185
2200 1690334238
340 1690334276
880 1690334367
160 1690334442
6640 1690334501
3900 1690334519
520 1690334660
1040 1690334704
1680 1690334809
700 1690334870
60 1690334881
1020 1690334981
1800 1690334984
760 1690335007
7280 1690335043
120 1690335091
420 1690335129
540 1690335205
1780 1690335365
2280 1690335476
140 1690335478
1120 1690335561
4980 1690335746
1040 1690335766
9800 1690335779
1500 1690335808
1120 1690335954
100 1690335969
840 1690336000
880 1690336182
7580 1690336242
420 1690336274
960 1690336337
3780 1690336424
1540 1690336504
240 1690336573
1100 1690336625
7000 1690336632
1000 1690336724
1560 1690336736
1220 1690336759
1660 1690336795
1680 1690336841
2960 1690336944
1820 1690336961
340 1690336962
2620 1690337016
2680 1690337088
2820 1690337109
3420 1690337203
4820 1690337268
5920 1690337288
3560 1690337320
1100 1690337562
1860 1690337621
1020 1690337689
2200 1690337691
9480 1690337751
1180 1690337849
600 1690337913
3380 1690337936
840 1690337970
3660 1690337982
1380 1690338022
1580 1690338100
600 1690338100
1720 1690338125
820 1690338155
2260 1690338187
8900 1690338190
3140 1690338207
1740 1690338276
560 1690338276
4700 1690338318
60 1690338349
760 1690338351
460 1690338440
1740 1690338498
1560 1690338502
2660 1690338512
1240 1690338722
2100 1690338843
720 1690338905
2460 1690339211
1640 1690339344
440 1690339410
2020 1690339544
4420 1690339556
1200 1690339593
140 1690339615
540 1690339848
9500 1690339940
3280 1690340041
1260 1690340142
100 1690340166
1880 1690340288
2480 1690340301
4800 1690340358
9600 1690340392
1240 1690340464
9000 1690340468
2920 1690340504
2260 1690340543
15680 1690340550
1960 1690340574
2400 1690340598
3520 1690340620
1640 1690340745
4800 1690340757
200 1690340928
2540 1690340977
3620 1690341198
120 1690341226
60 1690341239
4600 1690341319
760 1690341358
1680 1690341401
2460 1690341689
1020 1690341699
440 1690341717
1200 1690341802
1320 1690341934
4260 1690341935
420 1690341946
5840 1690341954
1500 1690341960
260 1690341970
640 1690342022
1260 1690342067
260 1690342172
3660 1690342212
180 1690342227
100 1690342336
1140 1690342390
100 1690342397
9240 1690342398
1080 1690342490
1000 1690342592
1360 1690342690
2800 1690342699
2360 1690342706
1340 1690342710
3800 1690342740
360 1690342909
1660 1690342941
5600 1690342968
420 1690343020
1120 1690343030
2000 1690343115
2340 1690343115
1360 1690343148
180 1690343246
2440 1690343288
500 1690343291
920 1690343429
300 1690343524
1340 1690343560
3220 1690343600
5540 1690343727
3560 1690343804
980 1690343805
3520 1690343898
2620 1690343980
580 1690344038
1600 1690344054
2020 1690344161
400 1690344201
2360 1690344237
1360 1690344307
6760 1690344360
560 1690344479
1360 1690344482
3320 1690344537
60 1690344580
4280 1690344594
620 1690344689
4080 1690344794
300 1690344805
1320 1690344937
100 1690344966
320 1690345081
1220 1690345081
5260 1690345121
680 1690345147
3080 1690345155
780 1690345163
460 1690345204
1240 1690345217
400 1690345230
1100 1690345268
540 1690345282
4700 1690345389
860 1690345391
160 1690345451
2960 1690345470
1680 1690345585
1400 1690345702
6100 1690345708
340 1690345731
600 1690345874
660 1690345964
3920 1690345977
4000 1690346134
2840 1690346325
2180 1690346400
3980 1690346544
7580 1690346573
5620 1690346606
400 1690346607
1180 1690346680
1420 1690346735
7400 1690346980
1720 1690347009
1780 1690347121
1440 1690347122
420 1690347230
420 1690347271
4940 1690347472
2940 1690347503
7720 1690347600
200 1690347606
4760 1690347609
2540 1690347642
4040 1690347722
3100 1690347726
1380 1690347758
1220 1690347950
2420 1690348020
2280 1690348110
1320 1690348193
1620 1690348202
460 1690348258
1220 1690348468
1620 1690348484
3160 1690348500
2420 1690348609
560 1690348628
280 1690348672
640 1690348699
640 1690348784
100 1690348881
1560 1690348928
1000 1690349102
140 1690349128
260 1690349146
680 1690349185
180 1690349211
1100 1690349260
260 1690349372
5340 1690349378
4080 1690349384
6420 1690349446
820 1690349468
140 1690349496
5160 1690349825
80 1690349832
1460 1690349835
280 1690349841
620 1690349892
1380 1690349955
740 1690350029
1640 1690350053
4300 1690350150
1900 1690350177
4460 1690350209
1320 1690350303
700 1690350525
440 1690350552
1400 1690350636
940 1690350692
3420 1690350713
3160 1690350784
3500 1690350884
720 1690350967
2340 1690350975
1380 1690351167
760 1690351272
2040 1690351349
300 1690351456
2400 1690351535
2140 1690351854
920 1690351907
4700 1690351988
140 1690352081
2000 1690352115
1420 1690352254
580 1690352358
320 1690352366
200 1690352497
3600 1690352561
280 1690352625
2540 1690352728
5000 1690352888
780 1690352922
600 1690352931
2220 1690352937
2280 1690353217
1500 1690353327
840 1690353485
1940 1690353549
60 1690353563
2560 1690353663
920 1690353694
1900 1690353874
3160 1690353875
3980 1690353959
3460 1690354054
160 1690354157
5840 1690354192
4620 1690354233
3060 1690354390
3820 1690354519
1080 1690354629
1180 1690354698
4980 1690354809
1580 1690354817
360 1690354933
340 1690355095
800 1690355097
60 1690355183
740 1690355240
2180 1690355327
3420 1690355380
9220 1690355392
1100 1690355425
1340 1690355848
4180 1690355851
480 1690355880
1000 1690355896
2440 1690356046
500 1690356145
60 1690356169
640 1690356236
900 1690356288
1480 1690356364
2780 1690356374
2040 1690356448
1000 1690356486
2800 1690356548
12240 1690356600
5600 1690356744
1420 1690356787
880 1690356936
2020 1690357077
120 1690357158
2240 1690357162
2580 1690357285
140 1690357373
740 1690357411
220 1690357515
2860 1690357653
8400 1690357716
1080 1690357766
5020 1690357992
4620 1690358104
40 1690358105
540 1690358105
660 1690358199
1880 1690358272
1280 1690358285
340 1690358319
3420 1690358355
3640 1690358364
3420 1690358392
4040 1690358544
8420 1690358572
920 1690358902
600 1690358968
1720 1690359006
2760 1690359062
6760 1690359173
16920 1690359253
4480 1690359257
700 1690359257
3340 1690359362
6700 1690359439
1720 1690359511
540 1690359839
1000 1690359968
900 1690359992
1480 1690360093
4060 1690360103
4000 1690360120
2440 1690360162
3080 1690360191
3920 1690360362
900 1690360510
500 1690360527
640 1690360541
760 1690360544
240 1690360585
2420 1690360643
1220 1690360694
4060 1690360804
420 1690360877
4160 1690360967
500 1690361041
740 1690361077
120 1690361174
800 1690361175
2740 1690361288
1280 1690361396
2080 1690361492
1080 1690361586
960 1690361687
1560 1690361771
280 1690361843
560 1690361854
5200 1690361876
600 1690361956
2080 1690362135
60 1690362167
900 1690362272
1540 1690362280
2860 1690362375
580 1690362666
7140 1690362689
2340 1690362829
380 1690362863
1200 1690362870
400 1690363008
12780 1690363088
420 1690363173
960 1690363274
4840 1690363301
2000 1690363324
1000 1690363334
1500 1690363379
1380 1690363436
220 1690363501
2300 1690363605
4380 1690363655
2280 1690363712
1320 1690363722
2100 1690363757
2640 1690363761
300 1690363814
2380 1690363836
2360 1690363850
5200 1690363902
680 1690363993
2360 1690364085
520 1690364172
1660 1690364193
2760 1690364264
500 1690364321
440 1690364404
1820 1690364479
80 1690364514
1820 1690364583
640 1690364624
200 1690364645
160 1690364722
17100 1690364732
860 1690364734
2280 1690364734
3160 1690364758
80 1690364824
1720 1690364869
1060 1690364994
4380 1690365089
4960 1690365105
4180 1690365118
7080 1690365143
5900 1690365147
3120 1690365176
400 1690365188
3620 1690365348
1420 1690365474
4700 1690365543
1140 1690365564
1080 1690365610
1760 1690365654
4620 1690365673
1240 1690365720
2000 1690365776
260 1690365814
3820 1690365874
5040 1690365933
1660 1690366002
880 1690366023
160 1690366028
1760 1690366073
2180 1690366084
2460 1690366089
340 1690366126
640 1690366148
4840 1690366201
5060 1690366207
1560 1690366218
6600 1690366271
5500 1690366366
360 1690366387
5220 1690366398
6080 1690366435
140 1690366447
780 1690366482
960 1690366565
360 1690366664
4560 1690366910
80 1690367139
14200 1690367189
80 1690367211
780 1690367218
1220 1690367405
1380 1690367454
1080 1690367504
2940 1690367598
100 1690367609
1780 1690367612
360 1690367745
840 1690367754
3280 1690367814
480 1690367993
1040 1690368039
120 1690368053
100 1690368267
240 1690368474
480 1690368768
7440 1690368824
1300 1690368991
1820 1690369002
1580 1690369004
1860 1690369134
8640 1690369139
1120 1690369179
100 1690369346
2600 1690369359
720 1690369400
780 1690369684
3540 1690369721
1300 1690369800
2040 1690369889
2120 1690369925
1180 1690369929
480 1690369969
1640 1690370059
2800 1690370089
1240 1690370308
9700 1690370348
2480 1690370395
1680 1690370524
1880 1690370573
1340 1690370604
1280 1690370634
5680 1690370917
960 1690371118
2800 1690371159
1740 1690371160
7700 1690371220
16060 1690371237
5180 1690371247
1640 1690371323
1520 1690371367
3060 1690371420
360 1690371557
2820 1690371621
320 1690371688
7380 1690371811
1360 1690371826
1180 1690371883
6220 1690371915
16180 1690372016
1840 1690372116
1720 1690372175
3020 1690372264
2440 1690372389
180 1690372519
7440 1690372524
3940 1690372614
1660 1690372662
2740 1690372683
2820 1690372714
1600 1690372799
920 1690372871
7080 1690372890
2240 1690372924
1360 1690373088
1320 1690373119
840 1690373304
500 1690373332
720 1690373409
480 1690373425
3640 1690373501
1260 1690373536
700 1690373575
2680 1690373858
160 1690373860
680 1690373933
1520 1690374035
280 1690374142
1600 1690374214
920 1690374233
1060 1690374312
5800 1690374392
4480 1690374469
1760 1690374497
1440 1690374527
4420 1690374590
2620 1690374646
1900 1690374685
920 1690374692
920 1690374712
1480 1690374774
500 1690374813
2960 1690374865
1460 1690374950
2500 1690375020
2940 1690375126
4020 1690375144
1480 1690375177
700 1690375190
4800 1690375228
2220 1690375285
2620 1690375300
800 1690375318
940 1690375333
120 1690375361
960 1690375421
400 1690375521
1920 1690375613
2920 1690375624
620 1690375636
1140 1690375735
1100 1690375766
5420 1690375772
640 1690375773
660 1690375926
5200 1690375948
3420 1690375964
3740 1690375974
11600 1690375989
6660 1690375999
580 1690376002
1040 1690376208
640 1690376220
7540 1690376266
240 1690376297
1140 1690376343
2260 1690376372
1320 1690376407
3480 1690376426
540 1690376433
280 1690376468
2280 1690376469
920 1690376488
400 1690376547
7060 1690376696
1320 1690376759
4880 1690376769
2140 1690376787
5460 1690376837
1400 1690376851
520 1690376890
180 1690376909
15360 1690377134
860 1690377205
3300 1690377210
1120 1690377282
6060 1690377368
700 1690377374
4580 1690377375
3260 1690377429
1460 1690377459
3980 1690377567
11740 1690377669
400 1690377770
560 1690377799
2860 1690377859
4860 1690377861
100 1690377920
1000 1690377969
3960 1690378016
560 1690378025
1440 1690378083
4720 1690378163
3980 1690378170
2760 1690378347
3100 1690378401
180 1690378589
240 1690378675
1580 1690378742
1060 1690378761
3800 1690378970
5680 1690379083
80 1690379116
1180 1690379123
1460 1690379159
3040 1690379189
3020 1690379214
3540 1690379232
3660 1690379379
2100 1690379422
2040 1690379429
2940 1690379455
380 1690379576
1260 1690379762
3420 1690379766
300 1690380128
660 1690380155
780 1690380166
280 1690380179
1440 1690380224
220 1690380300
3960 1690380302
2720 1690380571
2260 1690380578
1020 1690380727
540 1690380878
60 1690380931
4220 1690381018
2440 1690381065
3520 1690381120
3060 1690381126
14800 1690381495
1100 1690381546
3180 1690381559
980 1690381572
1700 1690381645
3140 1690381657
2660 1690381728
2600 1690382137
2240 1690382209
400 1690382401
7940 1690382513
2540 1690382542
16260 1690382600
4600 1690382612
5920 1690382715
2400 1690382789
180 1690382798
8560 1690382815
1800 1690383096
11200 1690383097
1360 1690383196
480 1690383247
2080 1690383293
640 1690383373
3500 1690383391
560 1690383439
800 1690383504
300 1690383771
2180 1690383802
5040 1690384008
280 1690384016
2920 1690384018
7940 1690384049
1280 1690384081
8160 1690384156
1800 1690384173
2260 1690384356
440 1690384395
8380 1690384406
640 1690384448
3680 1690384558
1080 1690384588
1080 1690384595
780 1690384746
260 1690384752
260 1690384788
1080 1690384792
3080 1690384942
5940 1690384953
3900 1690385081
580 1690385119
4880 1690385159
3700 1690385288
380 1690385292
980 1690385331
440 1690385507
580 1690385574
4720 1690385601
2160 1690385618
4080 1690385746
5260 1690386034
540 1690386088
1580 1690386152
1220 1690386279
840 1690386281
5200 1690386288
1220 1690386367
720 1690386369
2080 1690386370
2460 1690386673
5200 1690386732
1460 1690386822
1560 1690386882
10520 1690387010
480 1690387031
1740 1690387047
3520 1690387054
1560 1690387423
2640 1690387484
600 1690387556
80 1690387746
2660 1690387948
340 1690387990
840 1690388088
3900 1690388171
540 1690388180
1580 1690388203
1100 1690388262
540 1690388278
1320 1690388350
160 1690388397
340 1690388505
480 1690388583
820 1690388614
2340 1690388768
360 1690388769
1600 1690388841
1600 1690388897
500 1690389024
2420 1690389105
1640 1690389163
2520 1690389244
2520 1690389306
2780 1690389408
2100 1690389441
760 1690389459
2100 1690389516
1580 1690389575
1460 1690389790
2160 1690389808
2000 1690389820
5520 1690389870
1600 1690389917
4400 1690390079
2620 1690390341
480 1690390502
100 1690390525
580 1690390542
6780 1690390571
4360 1690390661
940 1690390737
1060 1690390771
4540 1690390807
5520 1690390825
60 1690390983
1560 1690391009
2040 1690391264
3360 1690391271
160 1690391289
780 1690391405
3920 1690391442
2560 1690391478
5120 1690391541
840 1690391798
400 1690391857
1220 1690392055
360 1690392168
1280 1690392182
460 1690392221
1280 1690392256
1220 1690392463
1880 1690392522
380 1690392539
5760 1690392589
460 1690392609
8040 1690392612
180 1690392683
2240 1690392755
2200 1690392758
420 1690392841
2440 1690392964
580 1690392982
4640 1690393065
860 1690393069
2280 1690393126
2500 1690393130
2820 1690393134
1100 1690393247
7500 1690393319
3200 1690393353
3340 1690393402
2000 1690393467
480 1690393612
180 1690393727
1880 1690393748
800 1690393754
2960 1690393798
2520 1690393895
5820 1690393901
2920 1690393947
19380 1690393973
1080 1690394029
2920 1690394321
1880 1690394335
260 1690394337
200 1690394444
1640 1690394445
700 1690394477
560 1690394522
320 1690394527
15500 1690394556
4060 1690394588
80 1690394638
680 1690394658
1860 1690394697
560 1690394748
820 1690394816
2360 1690394876
1380 1690394887
1320 1690394993
3960 1690395010
1540 1690395304
180 1690395305
740 1690395407
300 1690395475
840 1690395510
780 1690395620
100 1690395665
2200 1690395746
660 1690395786
1180 1690395845
3400 1690395857
640 1690395872
560 1690395953
6140 1690396099
600 1690396148
1800 1690396286
2980 1690396321
8940 1690396547
1820 1690396691
800 1690396699
560 1690396737
2240 1690396905
420 1690397051
1200 1690397062
1500 1690397072
7680 1690397188
14460 1690397324
1320 1690397435
4600 1690397481
140 1690397488
5800 1690397523
1500 1690397641
1320 1690397649
220 1690397676
960 1690397708
5060 1690397729
2760 1690397761
1840 1690397849
3320 1690397855
800 1690398005
2640 1690398090
320 1690398091
2040 1690398143
800 1690398149
840 1690398157
3960 1690398196
360 1690398258
4600 1690398341
2960 1690398537
2880 1690398550
5900 1690398577
7640 1690398585
7760 1690398620
1060 1690398630
1580 1690398638
2420 1690398796
120 1690398802
2500 1690398825
2800 1690398992
300 1690399037
1300 1690399086
1540 1690399120
5180 1690399149
860 1690399260
180 1690399279
2560 1690399289
2800 1690399299
4740 1690399306
660 1690399393
320 1690399484
1440 1690399564
1980 1690399706
1780 1690399767
760 1690399778
760 1690399862
280 1690399889
1560 1690399901
4900 1690399902
2980 1690399984
420 1690400003
7400 1690400027
1620 1690400120
480 1690400125
180 1690400233
220 1690400238
4240 1690400274
5440 1690400295
760 1690400350
2480 1690400395
340 1690400415
1720 1690400530
11820 1690400540
2000 1690400568
1500 1690400575
2880 1690400652
1640 1690400731
3540 1690400785
900 1690400787
2940 1690400813
1560 1690400827
2460 1690400868
1340 1690400894
1320 1690401108
1000 1690401131
180 1690401250
2580 1690401254
1260 1690401295
7580 1690401472
100 1690401626
140 1690401720
780 1690401770
460 1690401781
1280 1690401896
2460 1690401926
320 1690401948
1800 1690401958
3300 1690402029
420 1690402064
4620 1690402147
5840 1690402264
3260 1690402297
240 1690402378
580 1690402413
2140 1690402418
1440 1690402564
3820 1690402649
1020 1690402865
1940 1690402998
1100 1690402998
2900 1690402999
2320 1690403065
3860 1690403152
2000 1690403197
4160 1690403220
80 1690403273
7760 1690403307
5420 1690403311
2400 1690403351
2000 1690403540
3320 1690403593
560 1690403685
60 1690403686
1200 1690403759
860 1690403879
1680 1690403935
100 1690403965
700 1690404004
440 1690404063
1360 1690404090
600 1690404156
5660 1690404242
9380 1690404325
1120 1690404339
200 1690404370
6440 1690404386
4460 1690404456
1200 1690404644
5620 1690404748
6020 1690404904
1080 1690405215
1260 1690405266
320 1690405272
3160 1690405357
1460 1690405474
1160 1690405492
2780 1690405521
600 1690405559
1100 1690405570
2040 1690405603
1220 1690405665
3780 1690405697
2560 1690405762
240 1690405780
3900 1690405817
660 1690405846
3200 1690405914
1000 1690405997
1840 1690406085
3440 1690406123
3100 1690406125
1380 1690406177
1080 1690406204
7340 1690406419
2700 1690406524
4460 1690406606
640 1690406772
680 1690406822
420 1690406829
10600 1690406844
2020 1690406856
680 1690406912
3560 1690406944
300 1690407008
800 1690407025
2400 1690407248
3480 1690407332
3680 1690407342
1100 1690407383
240 1690407385
1300 1690407390
8960 1690407397
440 1690407423
1620 1690407427
1680 1690407520
60 1690407547
3000 1690407574
200 1690407635
660 1690407672
200 1690407684
380 1690407790
480 1690407797
580 1690408018
2240 1690408086
1920 1690408111
2940 1690408147
780 1690408185
2560 1690408224
400 1690408320
240 1690408603
900 1690408668
2060 1690408712
160 1690408774
500 1690408806
1760 1690408862
1200 1690409004
480 1690409024
6720 1690409053
11840 1690409107
1060 1690409119
640 1690409123
6320 1690409193
4660 1690409277
1140 1690409356
260 1690409478
2920 1690409485
9500 1690409630
400 1690409693
8540 1690409765
1980 1690409770
880 1690410022
1160 1690410105
2320 1690410108
4300 1690410187
720 1690410290
80 1690410375
80 1690410431
780 1690410491
1520 1690410727
760 1690410760
540 1690410802
3380 1690410880
480 1690410894
5300 1690410918
580 1690411011
3440 1690411021
120 1690411101
2800 1690411103
1980 1690411128
820 1690411129
14040 1690411130
1280 1690411174
80 1690411236
80 1690411245
11040 1690411462
1380 1690411505
6420 1690411529
1300 1690411645
12820 1690411674
780 1690411724
1780 1690411825
540 1690411929
2540 1690412116
2080 1690412153
1200 1690412158
380 1690412354
1660 1690412355
4100 1690412420
5920 1690412427
10260 1690412465
320 1690412481
1940 1690412544
3620 1690412590
1360 1690412678
940 1690412685
2280 1690412726
1720 1690412755
4780 1690412758
4900 1690412788
3240 1690412842
8140 1690412861
1940 1690412978
3580 1690412983
4580 1690413076
720 1690413082
1160 1690413192
300 1690413205
700 1690413222
2900 1690413271
80 1690413412
860 1690413559
6160 1690413642
1720 1690413659
2140 1690413739
1200 1690413763
860 1690413818
2400 1690413841
2380 1690413907
1260 1690413912
140 1690413963
480 1690413999
2940 1690414068
3040 1690414183
1340 1690414413
4360 1690414515
180 1690414557
1900 1690414618
4400 1690414630
2460 1690414685
900 1690414716
2260 1690414967
280 1690415062
1280 1690415166
14600 1690415190
80 1690415213
120 1690415215
8400 1690415229
1360 1690415265
4480 1690415387
3940 1690415472
3820 1690415493
2260 1690415501
100 1690415540
200 1690415580
2720 1690415780
900 1690415893
1900 1690415966
1020 1690416009
5160 1690416011
320 1690416298
4440 1690416391
400 1690416391
1140 1690416518
980 1690416706
2640 1690416723
1340 1690416798
60 1690416828
2720 1690416843
2700 1690416874
1920 1690416950
14420 1690416962
10480 1690417096
460 1690417149
160 1690417163
2020 1690417215
3520 1690417407
1820 1690417662
580 1690417838
2480 1690418019
3520 1690418167
460 1690418225
540 1690418322
6140 1690418338
340 1690418381
5000 1690418679
2500 1690418857
4840 1690418918
1380 1690418930
6540 1690418949
100 1690418952
3940 1690419033
600 1690419042
2360 1690419313
14820 1690419371
160 1690419425
1960 1690419428
500 1690419441
600 1690419476
560 1690419493
320 1690419628
2100 1690419664
10740 1690419753
600 1690419818
580 1690419984
9260 1690420099
760 1690420403
18120 1690420443
6780 1690420540
180 1690420560
2780 1690420658
740 1690420761
1720 1690420844
1560 1690420856
660 1690420882
1940 1690420917
5060 1690421011
6180 1690421067
2400 1690421072
4420 1690421181
2660 1690421191
6040 1690421292
1660 1690421362
1740 1690421392
3800 1690421415
340 1690421449
280 1690421567
2840 1690421595
540 1690421698
7340 1690421772
4740 1690421804
5940 1690421809
1740 1690421816
1380 1690421857
5940 1690422063
2280 1690422074
1900 1690422084
3340 1690422096
900 1690422219
100 1690422290
2840 1690422340
1080 1690422379
260 1690422390
6220 1690422461
60 1690422517
260 1690422546
2380 1690422624
960 1690422788
1420 1690422867
120 1690423084
5020 1690423103
1000 1690423281
1740 1690423420
1740 1690423439
520 1690423517
2340 1690423806
360 1690423832
160 1690423888
880 1690423941
5200 1690423945
1100 1690423955
780 1690423966
300 1690424410
640 1690424426
3220 1690424558
420 1690424604
6020 1690424640
5140 1690424813
3420 1690424842
2300 1690424856
1320 1690424892
1520 1690424895
180 1690424911
2160 1690425026
1880 1690425107
2660 1690425137
1720 1690425187
440 1690425307
820 1690425317
780 1690425407
900 1690425441
3840 1690425453
2440 1690425736
3460 1690425762
180 1690425807
1400 1690425969
7200 1690426002
3500 1690426026
1460 1690426157
200 1690426188
1500 1690426218
2080 1690426264
3500 1690426352
2960 1690426399
2700 1690426434
2640 1690426464
8980 1690426565
340 1690426603
440 1690426629
2760 1690426671
220 1690426771
1980 1690426793
1640 1690426817
840 1690426993
5100 1690427007
7900 1690427045
1040 1690427130
1020 1690427322
200 1690427391
2680 1690427397
760 1690427460
5780 1690427593
580 1690427601
160 1690427741
1260 1690427748
460 1690427756
11800 1690427783
3880 1690427819
760 1690427903
1940 1690427960
1200 1690428016
1200 1690428055
2380 1690428059
3740 1690428120
3960 1690428145
2440 1690428146
1080 1690428292
4540 1690428372
680 1690428375
160 1690428467
3320 1690428474
4980 1690428548
980 1690428628
4620 1690428705
240 1690428713
180 1690428788
280 1690428820
2660 1690428993
1480 1690428998
680 1690429026
1660 1690429060
3140 1690429183
400 1690429232
2060 1690429312
720 1690429332
840 1690429675
780 1690429718
860 1690429780
720 1690429877
940 1690429896
3480 1690429933
2280 1690429978
1200 1690430113
4380 1690430185
3320 1690430197
160 1690430236
1520 1690430276
800 1690430331
180 1690430356
640 1690430418
1320 1690430530
1240 1690430708
3140 1690430709
2280 1690430738
4140 1690430800
760 1690430843
1540 1690430959
5300 1690431052
4140 1690431199
1200 1690431203
4040 1690431218
2260 1690431240
3680 1690431255
1800 1690431267
1880 1690431355
120 1690431355
1360 1690431595
940 1690431598
620 1690431703
6540 1690431908
440 1690432062
1780 1690432156
60 1690432268
1820 1690432295
280 1690432317
1320 1690432337
2100 1690432396
4280 1690432398
1440 1690432473
2360 1690432719
2140 1690432740
7480 1690432748
300 1690432821
2560 1690432960
3700 1690433008
3620 1690433009
1420 1690433091
860 1690433111
3680 1690433115
2820 1690433121
160 1690433197
5200 1690433243
420 1690433341
660 1690433382
1940 1690433474
260 1690433481
1360 1690433540
2080 1690433639
620 1690433689
2300 1690433755
440 1690433798
1780 1690433880
3920 1690433944
2600 1690433946
1880 1690434030
100 1690434050
840 1690434185
8020 1690434284
1680 1690434350
2660 1690434521
480 1690434544
1040 1690434567
380 1690434609
1040 1690434642
500 1690434668
1920 1690434871
600 1690434957
6940 1690434996
920 1690435066
2760 1690435099
1040 1690435163
2060 1690435179
1880 1690435265
2620 1690435301
660 1690435399
2420 1690435404
660 1690435445
2520 1690435469
2940 1690435498
2120 1690435546
160 1690435598
3360 1690435643
1160 1690435643
440 1690435719
2380 1690435759
3560 1690435809
1700 1690435850
2900 1690435876
1940 1690435877
1720 1690435933
2080 1690435978
1020 1690436134
1960 1690436263
260 1690436314
1620 1690436361
1780 1690436483
2040 1690436494
1920 1690436658
80 1690436719
1320 1690436747
6280 1690436928
3140 1690436948
1340 1690437030
1280 1690437051
2100 1690437093
740 1690437123
2180 1690437159
880 1690437161
2560 1690437204
100 1690437212
660 1690437242
600 1690437247
1560 1690437254
240 1690437289
560 1690437312
520 1690437429
1700 1690437451
9740 1690437486
11780 1690437488
7260 1690437493
360 1690437584
160 1690437615
420 1690437633
5920 1690437637
920 1690437687
2180 1690437775
560 1690438047
7100 1690438048
580 1690438168
2160 1690438219
740 1690438275
5940 1690438309
1360 1690438430
1140 1690438432
720 1690438539
300 1690438563
80 1690438574
640 1690438620
1980 1690438650
840 1690438769
4360 1690438798
80 1690438868
3260 1690439001
200 1690439025
2840 1690439042
860 1690439047
280 1690439086
860 1690439128
140 1690439425
4660 1690439434
2440 1690439460
140 1690439531
3740 1690439692
5160 1690439742
400 1690440130
500 1690440142
600 1690440208
480 1690440295
900 1690440324
820 1690440373
3140 1690440461
3660 1690440569
1500 1690440595
1760 1690440603
2420 1690440637
740 1690440744
880 1690440850
1660 1690440866
2000 1690440885
340 1690440910
4500 1690441079
400 1690441098
420 1690441210
4960 1690441274
240 1690441275
920 1690441493
280 1690441507
60 1690441521
6440 1690441526
2400 1690441671
220 1690441774
580 1690441805
960 1690441909
880 1690442091
340 1690442125
380 1690442133
8120 1690442206
480 1690442278
960 1690442556
100 1690442580
160 1690442589
1620 1690442644
4640 1690442724
320 1690442924
2000 1690443067
940 1690443126
440 1690443280
880 1690443313
2780 1690443392
2800 1690443499
4840 1690443523
1860 1690443616
500 1690443692
140 1690443711
2460 1690443717
12360 1690443721
1140 1690443798
2640 1690443876
760 1690443932
6080 1690443991
1160 1690444042
1660 1690444209
3260 1690444253
2640 1690444322
100 1690444343
440 1690444372
2200 1690444426
2940 1690444499
740 1690444528
480 1690444603
140 1690444653
740 1690444670
3620 1690444707
960 1690444728
1500 1690444897
5220 1690445174
1340 1690445233
1140 1690445322
4820 1690445519
2560 1690445601
460 1690445636
1860 1690445671
2160 1690445884
220 1690445904
100 1690445964
760 1690445973
1180 1690445980
1220 1690446004
1520 1690446034
2200 1690446136
800 1690446249
2080 1690446250
320 1690446456
1440 1690446503
160 1690446556
840 1690446758
700 1690446786
5120 1690446813
1820 1690446826
15000 1690446979
3120 1690446991
360 1690447153
200 1690447167
5480 1690447170
5560 1690447371
3500 1690447393
9320 1690447496
860 1690447608
1520 1690447663
3920 1690447733
440 1690447774
4300 1690447839
1320 1690447952
60 1690447956
580 1690447971
1080 1690447974
2960 1690448049
1520 1690448070
300 1690448136
260 1690448256
740 1690448358
1280 1690448412
2600 1690448521
2000 1690448541
160 1690448544
1620 1690448562
1220 1690448598
3380 1690448649
1480 1690448697
1520 1690448698
5280 1690448708
5540 1690448790
220 1690448798
2560 1690448962
2320 1690449122
1520 1690449178
780 1690449188
440 1690449190
540 1690449225
2240 1690449286
480 1690449399
3540 1690449428
1000 1690449433
3480 1690449436
1660 1690449464
40 1690449522
1120 1690449581
320 1690449588
600 1690449602
80 1690449703
2780 1690449714
2140 1690449735
6420 1690449753
140 1690449791
2780 1690449793
7080 1690449879
3660 1690449915
1900 1690450014
1500 1690450024
800 1690450156
7100 1690450290
340 1690450294
3180 1690450294
720 1690450389
2500 1690450415
1020 1690450609
2460 1690450693
600 1690450763
5800 1690450770
2080 1690450853
2800 1690451058
5820 1690451074
280 1690451109
2140 1690451135
180 1690451151
840 1690451218
420 1690451272
1200 1690451294
1240 1690451294
1860 1690451318
3180 1690451418
1180 1690451432
1280 1690451475
360 1690451532
2580 1690451599
1460 1690451631
3820 1690451678
280 1690451695
1960 1690451852
1860 1690451893
12560 1690451953
5240 1690452035
360 1690452146
2060 1690452286
320 1690452290
2600 1690452327
220 1690452377
260 1690452521
1080 1690452535
920 1690452640
4060 1690452734
400 1690452787
480 1690452882
840 1690452891
920 1690453025
4960 1690453097
1940 1690453098
6780 1690453201
4480 1690453211
1000 1690453213
1380 1690453228
2440 1690453282
760 1690453338
9140 1690453501
4780 1690453545
440 1690453590
1040 1690453671
3400 1690453824
4600 1690453919
1520 1690453929
1460 1690454168
1660 1690454190
480 1690454269
1140 1690454361
480 1690454373
3640 1690454380
1460 1690454391
80 1690454494
1620 1690454525
3380 1690454539
340 1690454542
1400 1690454543
1500 1690454554
2300 1690454576
940 1690454582
300 1690454606
1620 1690454777
960 1690454847
360 1690454914
3100 1690454965
5640 1690455126
3600 1690455331
5160 1690455387
2560 1690455448
1460 1690455462
1800 1690455627
280 1690455683
160 1690455683
440 1690455692
2840 1690455737
660 1690455758
420 1690455781
340 1690455826
4040 1690455838
4200 1690456028
5380 1690456140
1640 1690456193
5220 1690456195
2180 1690456254
8040 1690456255
5020 1690456310
740 1690456347
80 1690456351
560 1690456366
200 1690456575
860 1690456638
680 1690456749
2500 1690456756
1280 1690456759
2380 1690456867
1400 1690456956
880 1690456978
460 1690456984
1040 1690457019
5740 1690457023
2980 1690457062
11160 1690457226
3180 1690457297
1660 1690457337
940 1690457362
340 1690457497
2500 1690457594
3320 1690457802
3140 1690457959
1820 1690457990
2740 1690458207
60 1690458268
820 1690458545
4320 1690458564
5120 1690458734
600 1690458737
1440 1690458750
4440 1690458859
280 1690458950
2260 1690459010
320 1690459072
1900 1690459109
180 1690459165
1320 1690459325
400 1690459382
2320 1690459384
2360 1690459403
5060 1690459443
1460 1690459458
2080 1690459564
3700 1690459612
2340 1690459722
5200 1690459782
2120 1690459808
2360 1690459820
1220 1690459981
1380 1690460008
480 1690460011
80 1690460023
3820 1690460035
3460 1690460253
680 1690460318
3600 1690460411
2340 1690460505
1720 1690460585
900 1690460604
7200 1690460625
1900 1690460637
1040 1690460680
1000 1690460718
1720 1690460854
1480 1690460873
1260 1690460894
3900 1690461060
3580 1690461195
18560 1690461200
1740 1690461202
1620 1690461395
2140 1690461494
1860 1690461662
140 1690461663
3760 1690461722
680 1690461761
3320 1690461767
420 1690461772
660 1690461802
160 1690461803
1260 1690461988
2760 1690462047
820 1690462088
2380 1690462251
500 1690462254
340 1690462350
420 1690462375
980 1690462433
780 1690462489
2900 1690462687
3580 1690462710
80 1690462711
640 1690462847
1400 1690462884
140 1690463013
660 1690463052
960 1690463085
120 1690463123
100 1690463158
1300 1690463173
300 1690463175
1640 1690463177
520 1690463202
220 1690463276
5120 1690463311
11220 1690463387
2800 1690463394
2060 1690463457
200 1690463494
680 1690463656
6760 1690463678
300 1690463778
420 1690463969
1900 1690463972
2900 1690463993
1140 1690463999
340 1690464011
2380 1690464035
660 1690464097
2200 1690464332
3260 1690464378
360 1690464382
8420 1690464624
3700 1690464738
2080 1690464818
1600 1690464825
540 1690464827
3620 1690464849
4540 1690464859
1700 1690464874
540 1690464897
340 1690464934
740 1690464979
1060 1690465002
120 1690465046
5040 1690465064
1520 1690465095
920 1690465118
260 1690465147
3780 1690465235
1320 1690465282
580 1690465699
720 1690465861
2380 1690465884
10240 1690465945
1960 1690465971
3800 1690466035
7000 1690466112
160 1690466128
1380 1690466169
1020 1690466431
5720 1690466610
4180 1690466655
480 1690466726
1220 1690466861
620 1690466908
640 1690466915
380 1690466939
1900 1690466987
19660 1690467096
1560 1690467111
660 1690467140
2960 1690467150
2180 1690467210
680 1690467304
7680 1690467333
1360 1690467409
180 1690467591
220 1690467638
500 1690467711
900 1690467748
400 1690467858
3780 1690467899
1380 1690467906
620 1690467932
100 1690467933
4200 1690467983
8100 1690468077
4660 1690468169
1820 1690468228
260 1690468274
3880 1690468310
2220 1690468418
760 1690468490
640 1690468580
200 1690468656
1420 1690468659
320 1690468730
520 1690468816
540 1690468918
320 1690468965
140 1690469059
15640 1690469087
200 1690469185
5260 1690469221
520 1690469411
1320 1690469544
1600 1690469631
8960 1690469662
340 1690469717
980 1690469751
1380 1690469756
1260 1690469779
380 1690469991
1560 1690470002
300 1690470070
4060 1690470101
880 1690470334
1080 1690470373
660 1690470427
200 1690470493
14320 1690470573
3040 1690470590
1300 1690470652
2420 1690470722
1520 1690470767
3020 1690470910
2380 1690470945
400 1690470964
2060 1690470997
320 1690471110
920 1690471125
180 1690471152
8840 1690471162
6080 1690471177
140 1690471222
380 1690471311
300 1690471413
740 1690471437
3040 1690471460
120 1690471463
1420 1690471511
1660 1690471512
16820 1690471938
320 1690471975
360 1690472121
1360 1690472121
640 1690472151
580 1690472175
11140 1690472287
100 1690472429
1140 1690472441
840 1690472568
6240 1690472597
1100 1690472680
1820 1690472745
220 1690472890
1540 1690472964
800 1690473023
2380 1690473270
4240 1690473296
1780 1690473430
6860 1690473466
1660 1690473519
980 1690473540
180 1690473629
100 1690473931
460 1690473932
2120 1690474086
680 1690474122
900 1690474164
2400 1690474356
3580 1690474358
7440 1690474462
1480 1690474548
3040 1690474580
2020 1690474590
220 1690474591
1680 1690474615
2320 1690474658
2060 1690474692
4200 1690474700
980 1690474761
260 1690474809
1220 1690474943
1820 1690475023
1900 1690475041
2140 1690475082
540 1690475086
3460 1690475132
2160 1690475150
1120 1690475152
3900 1690475279
580 1690475449
480 1690475557
840 1690475602
1140 1690475630
6540 1690475664
2180 1690475666
3520 1690475672
1800 1690475711
2540 1690475736
160 1690475962
700 1690475974
460 1690476014
680 1690476278
120 1690476289
440 1690476523
1760 1690476624
1240 1690476682
1840 1690476684
4080 1690476694
1120 1690476701
1060 1690476781
300 1690476913
240 1690476945
780 1690476965
2940 1690477048
3020 1690477091
580 1690477101
2180 1690477156
2020 1690477222
1260 1690477266
5120 1690477303
560 1690477376
2100 1690477408
3640 1690477541
3200 1690477724
480 1690477812
2440 1690477817
6480 1690477978
2240 1690478164
2240 1690478192
4320 1690478220
340 1690478649
280 1690478694
780 1690478748
240 1690478946
3680 1690478948
1600 1690479054
5900 1690479059
3540 1690479174
3500 1690479176
3420 1690479184
1960 1690479226
1580 1690479258
100 1690479508
1100 1690479539
440 1690479597
2900 1690479676
280 1690479681
660 1690479905
1880 1690479921
2300 1690479935
400 1690479982
2740 1690480028
4360 1690480029
1480 1690480099
280 1690480174
2060 1690480223
1160 1690480454
660 1690480525
1460 1690480624
2080 1690480662
1000 1690480696
2400 1690480723
2860 1690480755
420 1690480776
2120 1690480803
6560 1690480859
2620 1690480991
5200 1690480994
860 1690481093
6280 1690481098
1000 1690481103
1140 1690481111
1720 1690481145
5000 1690481185
4940 1690481194
1280 1690481277
5340 1690481320
500 1690481354
2320 1690481425
1860 1690481463
1420 1690481539
5940 1690481550
180 1690481604
340 1690481742
980 1690481861
16120 1690481889
240 1690481919
1140 1690482041
1140 1690482048
860 1690482097
1840 1690482109
8520 1690482122
1260 1690482158
1620 1690482257
880 1690482357
620 1690482394
1900 1690482475
1900 1690482699
620 1690482729
2300 1690482821
3500 1690482822
4600 1690482852
1280 1690482861
400 1690482937
1820 1690482937
2360 1690482973
3280 1690482974
6360 1690483112
2480 1690483182
3440 1690483278
200 1690483291
380 1690483360
140 1690483483
280 1690483511
180 1690483521
2540 1690483522
1080 1690483656
4100 1690483713
320 1690483761
7380 1690483786
2800 1690483793
6020 1690483817
320 1690483819
260 1690483844
620 1690483849
940 1690483868
3640 1690483898
460 1690483920
5980 1690483923
1720 1690483958
480 1690484009
920 1690484068
220 1690484125
1280 1690484198
740 1690484341
8000 1690484356
2400 1690484360
3180 1690484375
2700 1690484462
17980 1690484481
4680 1690484492
640 1690484617
1100 1690484620
4940 1690484701
6260 1690484755
280 1690484803
1040 1690484809
480 1690484843
440 1690484855
720 1690484908
2760 1690484913
3240 1690485071
780 1690485242
9120 1690485533
880 1690485636
5580 1690485708
620 1690485932
1660 1690486291
2500 1690486413
7840 1690486479
740 1690486524
2840 1690486543
880 1690486645
80 1690486909
1660 1690486916
740 1690487012
1440 1690487051
2380 1690487290
360 1690487402
120 1690487441
820 1690487641
4100 1690487654
80 1690487708
2640 1690487715
1900 1690487731
7420 1690487820
680 1690487848
280 1690487870
4600 1690488082
240 1690488155
360 1690488304
1600 1690488305
1940 1690488335
1020 1690488374
2320 1690488405
1580 1690488435
160 1690488450
8000 1690488450
1120 1690488565
140 1690488766
860 1690488881
1580 1690488902
1640 1690489061
1600 1690489110
460 1690489113
180 1690489303
280 1690489304
720 1690489305
680 1690489461
2980 1690489478
1700 1690489664
780 1690489805
300 1690489820
1140 1690489865
1680 1690489885
60 1690489939
440 1690489996
5740 1690490002
2720 1690490173
320 1690490229
3140 1690490371
740 1690490401
880 1690490621
1840 1690490625
1000 1690490632
420 1690490691
1440 1690490704
1440 1690490801
1840 1690490858
1160 1690490858
1520 1690490940
8560 1690490952
1220 1690490976
500 1690491026
3220 1690491028
560 1690491044
600 1690491198
4940 1690491243
580 1690491271
3600 1690491365
6400 1690491410
1320 1690491460
1880 1690491556
2280 1690491592
3100 1690491649
260 1690491653
1240 1690491739
7600 1690491809
2860 1690491888
640 1690491924
3140 1690491957
280 1690492030
3080 1690492079
200 1690492185
6420 1690492513
3120 1690492521
9140 1690492545
640 1690492632
6980 1690492641
140 1690492663
6260 1690492740
920 1690492774
160 1690492875
4260 1690492958
1000 1690492985
860 1690493018
2760 1690493281
5200 1690493286
2000 1690493322
640 1690493332
2120 1690493345
3640 1690493381
1320 1690493411
4780 1690494154
540 1690494164
1320 1690494267
1520 1690494292
320 1690494310
4220 1690494403
2040 1690494645
2720 1690494651
600 1690494663
1960 1690494756
4880 1690494937
1320 1690495020
360 1690495026
260 1690495179
460 1690495245
2140 1690495320
380 1690495473
3720 1690495517
2440 1690495522
560 1690495621
280 1690495624
7360 1690495702
1440 1690495896
1400 1690496059
400 1690496075
100 1690496105
620 1690496165
840 1690496198
6240 1690496251
440 1690496388
1300 1690496403
1820 1690496453
1180 1690496539
720 1690496541
4220 1690496631
2820 1690496723
720 1690496856
740 1690496863
680 1690496893
5200 1690496938
120 1690496983
2740 1690497001
1500 1690497017
540 1690497089
1500 1690497218
4240 1690497224
200 1690497306
220 1690497362
3480 1690497523
3220 1690497540
2680 1690497639
7920 1690497726
1020 1690497838
2720 1690497887
160 1690497892
2840 1690497923
1560 1690498069
2800 1690498093
11640 1690498166
900 1690498239
300 1690498342
2580 1690498419
1040 1690498459
580 1690498472
2520 1690498738
5080 1690498798
620 1690498802
3280 1690498955
220 1690498976
4400 1690499076
2260 1690499078
100 1690499119
1560 1690499289
2920 1690499340
540 1690499362
760 1690499363
4480 1690499418
1920 1690499491
1340 1690499549
2840 1690499585
3580 1690499649
1600 1690499719
320 1690499721
7100 1690499863
1600 1690499910
1080 1690499960
1380 1690499961
1080 1690500067
60 1690500121
2920 1690500221
180 1690500308
320 1690500369
160 1690500479
4480 1690500569
8560 1690500575
1820 1690500597
1520 1690500712
1480 1690500802
420 1690500896
3400 1690500965
100 1690500976
6200 1690501146
1320 1690501388
8100 1690501432
2840 1690501463
100 1690501492
1220 1690501646
2840 1690501656
2460 1690502093
2640 1690502280
4960 1690502426
1540 1690502543
2840 1690502596
2300 1690502617
2060 1690502627
8100 1690502653
7600 1690502657
1900 1690502692
660 1690502760
7500 1690502879
80 1690502886
280 1690502887
720 1690502956
4600 1690503177
1520 1690503213
520 1690503305
1120 1690503308
2080 1690503360
11380 1690503382
740 1690503416
1520 1690503439
80 1690503451
3000 1690503484
580 1690503522
1960 1690503523
3320 1690503570
640 1690503598
3300 1690503601
2140 1690503640
2660 1690503649
840 1690503701
220 1690503718
6760 1690503863
3960 1690503969
2140 1690504009
440 1690504035
780 1690504052
380 1690504079
4820 1690504103
1040 1690504110
7800 1690504121
540 1690504193
2760 1690504325
500 1690504398
200 1690504412
620 1690504452
1820 1690504506
480 1690504518
1140 1690504728
820 1690504761
640 1690504778
600 1690504850
4140 1690505015
1860 1690505035
500 1690505071
5580 1690505078
420 1690505085
1360 1690505095
3180 1690505120
860 1690505122
2040 1690505130
5880 1690505173
920 1690505305
1720 1690505307
2220 1690505355
2600 1690505399
200 1690505405
840 1690505517
620 1690505549
1920 1690505563
10840 1690505566
2360 1690505580
7840 1690505665
740 1690505715
760 1690505787
2740 1690505847
1520 1690506142
2180 1690506148
1600 1690506218
100 1690506234
1380 1690506265
3420 1690506401
780 1690506445
100 1690506595
460 1690506600
660 1690506618
740 1690506636
360 1690506653
800 1690506670
60 1690506881
260 1690506924
180 1690506934
180 1690506975
3500 1690507048
4120 1690507092
2020 1690507206
820 1690507206
5660 1690507408
380 1690507425
1240 1690507447
1400 1690507457
1820 1690507702
6200 1690507764
320 1690507795
1600 1690507860
2240 1690508070
2320 1690508077
960 1690508180
1180 1690508184
1240 1690508267
4140 1690508346
180 1690508359
1020 1690508402
1620 1690508501
520 1690508632
1700 1690508728
1380 1690508788
4200 1690508922
620 1690509394
2520 1690509433
1980 1690509485
500 1690509521
560 1690509530
2660 1690509576
1460 1690509674
200 1690509675
3880 1690509766
60 1690509771
2060 1690509789
2720 1690509915
440 1690510037
1140 1690510161
1080 1690510410
160 1690510456
3740 1690510460
2840 1690510479
5440 1690510532
2160 1690510547
3260 1690510711
2800 1690510828
1360 1690510931
2940 1690510946
160 1690511017
5300 1690511190
1480 1690511341
640 1690511527
1980 1690511588
3780 1690511615
940 1690511652
15760 1690511808
2400 1690511851
1300 1690511853
10340 1690511963
1240 1690511976
4660 1690512027
4280 1690512029
3580 1690512099
580 1690512114
3180 1690512190
14580 1690512290
3180 1690512374
3660 1690512391
200 1690512472
200 1690512484
880 1690512581
2480 1690512643
560 1690512647
2020 1690512882
920 1690512957
1440 1690512987
960 1690513030
4860 1690513044
900 1690513044
2220 1690513223
380 1690513228
3380 1690513274
5140 1690513284
120 1690513319
1780 1690513379
1380 1690513486
1780 1690513684
220 1690513687
200 1690513749
1160 1690513848
1440 1690513879
560 1690513930
3020 1690514123
1300 1690514198
120 1690514298
600 1690514370
9100 1690514411
1180 1690514461
780 1690514510
3340 1690514515
860 1690514531
1700 1690514583
1040 1690514647
100 1690514901
2720 1690514996
1020 1690515042
160 1690515107
19840 1690515332
400 1690515396
960 1690515453
6980 1690515602
1540 1690515705
6000 1690515759
3520 1690515868
7720 1690515879
1720 1690515989
6180 1690515992
1220 1690516008
9140 1690516141
1840 1690516182
2920 1690516293
1840 1690516337
100 1690516365
300 1690516542
2580 1690516627
520 1690516667
1160 1690516706
580 1690516748
7400 1690516810
3440 1690516825
6460 1690516826
1200 1690516923
3120 1690517045
1620 1690517204
1100 1690517278
180 1690517371
60 1690517378
3880 1690517439
1160 1690517488
160 1690517580
2860 1690517621
4140 1690517624
1500 1690517672
3680 1690517762
980 1690518022
4300 1690518047
200 1690518108
2660 1690518148
820 1690518263
2560 1690518311
2540 1690518445
100 1690518520
2300 1690518591
4600 1690518592
940 1690518626
1320 1690518724
5420 1690518892
1920 1690518982
600 1690518988
280 1690519025
620 1690519286
4340 1690519307
320 1690519350
1020 1690519579
380 1690519629
960 1690519636
2160 1690519688
13280 1690519698
5860 1690519879
5180 1690519943
1700 1690519951
300 1690519964
2620 1690519969
80 1690519984
3860 1690519989
2960 1690520019
1400 1690520303
1160 1690520327
1000 1690520392
6720 1690520517
5500 1690520520
1080 1690520543
160 1690520552
900 1690520573
14860 1690520604
1520 1690520618
600 1690520733
2340 1690520734
1380 1690520736
820 1690520736
3060 1690520983
640 1690520984
2200 1690521045
1120 1690521061
2020 1690521068
2140 1690521072
1160 1690521107
540 1690521124
2060 1690521133
2140 1690521196
1040 1690521231
1900 1690521279
3040 1690521357
3820 1690521474
1020 1690521614
320 1690521667
5680 1690521822
16240 1690522033
1180 1690522107
8160 1690522150
1560 1690522164
5320 1690522214
540 1690522225
1920 1690522309
1660 1690522409
1860 1690522659
5100 1690522691
400 1690522759
860 1690522764
1560 1690522769
4400 1690522854
2920 1690522899
160 1690522950
1520 1690523024
540 1690523056
4060 1690523067
1180 1690523110
2380 1690523122
3180 1690523232
980 1690523314
680 1690523468
1080 1690523542
2360 1690523628
3060 1690523638
1840 1690523710
160 1690523813
120 1690523859
2840 1690523881
3980 1690523970
2000 1690524062
3460 1690524129
1520 1690524261
3220 1690524275
1120 1690524306
360 1690524611
1080 1690524630
100 1690524644
2500 1690524676
2600 1690524697
6580 1690524714
3160 1690524721
10880 1690524847
3220 1690524965
780 1690525169
1220 1690525193
140 1690525268
8480 1690525288
1240 1690525317
1220 1690525367
220 1690525529
1360 1690525642
5000 1690525995
500 1690526081
700 1690526139
420 1690526164
5300 1690526219
1320 1690526245
680 1690526393
5520 1690526455
500 1690526464
1460 1690526616
280 1690526617
3460 1690526704
1060 1690526763
300 1690526883
2660 1690526941
140 1690526953
1520 1690526990
1560 1690526999
1800 1690527276
260 1690527376
1140 1690527381
1640 1690527421
1260 1690527454
2560 1690527498
2420 1690527509
2100 1690527519
200 1690527550
2120 1690527570
1300 1690527571
700 1690527632
2660 1690527637
6280 1690527736
3140 1690527749
6240 1690527799
260 1690527831
1700 1690528171
280 1690528246
140 1690528262
3260 1690528285
10240 1690528350
3460 1690528398
960 1690528525
400 1690528599
7240 1690528661
100 1690528706
660 1690528986
380 1690529077
1020 1690529097
1180 1690529170
560 1690529223
1180 1690529313
4420 1690529316
1080 1690529483
80 1690529529
720 1690529569
900 1690529798
1300 1690529843
360 1690529929
540 1690530095
4440 1690530107
1820 1690530141
1700 1690530273
1740 1690530304
1520 1690530384
11360 1690530391
14340 1690530458
4620 1690530482
740 1690530517
800 1690530526
580 1690530568
80 1690530571
3300 1690530577
1060 1690530595
880 1690530614
80 1690530721
580 1690530721
3440 1690530833
1460 1690530851
1240 1690530908
3380 1690530933
1360 1690530979
420 1690531125
200 1690531137
2940 1690531253
1960 1690531328
5240 1690531346
1760 1690531393
3420 1690531430
560 1690531570
1640 1690531693
700 1690531817
520 1690532050
1460 1690532359
280 1690532421
980 1690532478
480 1690532529
2120 1690532535
2520 1690532596
2680 1690532729
2320 1690532735
5040 1690532925
5640 1690532940
7600 1690532952
2660 1690533057
400 1690533120
1780 1690533337
5760 1690533379
8740 1690533415
3540 1690533489
1600 1690533525
560 1690533550
1900 1690533575
100 1690533631
1820 1690533641
6120 1690533723
1380 1690533750
120 1690533834
300 1690533879
460 1690533899
5440 1690533976
3860 1690534165
3000 1690534222
640 1690534251
2860 1690534316
580 1690534334
280 1690534382
300 1690534405
1160 1690534433
1240 1690534460
2060 1690534501
1460 1690534525
3840 1690534545
2020 1690534658
300 1690534695
1960 1690534718
3560 1690534738
940 1690534742
14940 1690534860
1740 1690534937
1900 1690534973
2220 1690534999
680 1690535007
2420 1690535177
960 1690535257
3820 1690535276
600 1690535493
140 1690535508
1220 1690535661
360 1690535721
1940 1690535774
1560 1690535858
2640 1690536045
700 1690536075
1500 1690536101
1200 1690536109
1660 1690536131
680 1690536192
2220 1690536281
480 1690536304
3440 1690536324
120 1690536458
140 1690536516
1260 1690536660
3060 1690536738
80 1690536764
6580 1690536783
3480 1690536860
1120 1690536866
480 1690537012
480 1690537122
2000 1690537219
300 1690537250
340 1690537277
3040 1690537434
1520 1690537484
5480 1690537514
120 1690537515
2880 1690537607
180 1690537678
180 1690537731
480 1690537780
620 1690537822
1260 1690537915
1200 1690537923
1320 1690537985
1660 1690538273
380 1690538275
1420 1690538320
480 1690538493
3820 1690538524
760 1690538538
5160 1690538545
1000 1690538670
2340 1690538731
600 1690538815
2280 1690538940
280 1690538943
80 1690539169
4160 1690539206
1280 1690539224
40 1690539320
3920 1690539339
660 1690539386
1820 1690539412
600 1690539535
9340 1690539556
440 1690539557
6880 1690539574
2020 1690539576
1860 1690539610
480 1690539619
3380 1690539704
4620 1690539728
80 1690539754
1700 1690539766
60 1690539949
2800 1690540096
320 1690540117
3220 1690540225
1260 1690540228
7560 1690540288
340 1690540417
1840 1690540420
2280 1690540494
3120 1690540498
560 1690540519
200 1690540685
9280 1690540775
3380 1690540785
5820 1690540927
840 1690541002
1300 1690541010
2080 1690541113
1840 1690541117
740 1690541130
9580 1690541170
3660 1690541191
1580 1690541292
2280 1690541416
4760 1690541426
360 1690541663
120 1690541691
180 1690541717
2740 1690541734
680 1690541760
3660 1690541931
280 1690542109
200 1690542146
13540 1690542151
2240 1690542177
1360 1690542188
1300 1690542326
1740 1690542330
2280 1690542408
220 1690542429
4500 1690542477
300 1690542639
80 1690542693
1480 1690542711
2460 1690542736
1520 1690542909
1140 1690542958
1140 1690543016
340 1690543222
280 1690543296
380 1690543301
1520 1690543399
1740 1690543464
3280 1690543489
2440 1690543537
500 1690543578
7740 1690543590
200 1690543605
10120 1690543626
1140 1690543771
720 1690543835
1940 1690543869
840 1690544071
1540 1690544095
1800 1690544100
400 1690544263
1660 1690544294
3560 1690544373
660 1690544378
380 1690544409
2860 1690544413
1080 1690544502
1040 1690544635
1380 1690544636
3240 1690544649
3540 1690544725
660 1690544735
1200 1690544751
1860 1690544777
7520 1690544873
120 1690545153
1240 1690545211
1600 1690545265
140 1690545352
1580 1690545413
5240 1690545433
4060 1690545560
1040 1690545592
80 1690545657
9680 1690545699
480 1690545718
1420 1690545720
560 1690545779
1360 1690545785
680 1690545845
180 1690545864
8660 1690545933
6720 1690546001
360 1690546076
440 1690546089
6940 1690546382
8260 1690546442
1880 1690546554
1200 1690546587
1360 1690546649
2640 1690546720
4500 1690546768
1260 1690546772
260 1690546780
1280 1690546825
4540 1690546861
160 1690546875
660 1690546880
2160 1690547005
960 1690547081
3720 1690547150
2220 1690547156
320 1690547388
4780 1690547424
2160 1690547527
220 1690547675
140 1690547677
3620 1690547898
1380 1690547982
560 1690548081
18380 1690548197
5720 1690548204
260 1690548359
860 1690548386
2040 1690548404
340 1690548442
2880 1690548451
420 1690548559
320 1690548724
160 1690548869
100 1690548990
800 1690549015
680 1690549035
300 1690549103
140 1690549138
740 1690549192
2280 1690549194
6200 1690549243
520 1690549277
180 1690549392
5120 1690549425
3200 1690549530
1500 1690549542
900 1690549570
900 1690549652
1060 1690549659
4440 1690549716
6380 1690549719
1020 1690549819
260 1690549844
600 1690549918
2260 1690549950
380 1690549950
480 1690550153
2700 1690550222
4440 1690550245
8780 1690550292
280 1690550303
1920 1690550371
1180 1690550444
2600 1690550540
200 1690550554
2180 1690550555
360 1690550811
900 1690550834
1080 1690550839
3320 1690550854
240 1690550895
6800 1690550991
560 1690551050
620 1690551091
6320 1690551179
620 1690551233
1240 1690551364
5320 1690551524
1780 1690551581
5240 1690551585
500 1690551670
16700 1690551727
1100 1690551857
3400 1690551861
640 1690551877
760 1690551882
4860 1690551977
1560 1690552006
4620 1690552021
440 1690552353
1720 1690552499
1440 1690552717
1740 1690552728
9520 1690552787
1820 1690552960
760 1690552972
4560 1690552984
2840 1690553052
820 1690553097
1720 1690553121
8520 1690553134
380 1690553165
10520 1690553217
1060 1690553393
2380 1690553416
4780 1690553499
1560 1690553517
1840 1690553549
700 1690553635
3060 1690553649
1060 1690553725
920 1690553730
4960 1690553745
1600 1690553752
1780 1690553768
940 1690553917
3100 1690554069
14820 1690554070
280 1690554127
5140 1690554164
1640 1690554192
4440 1690554494
3600 1690554643
3360 1690554652
5700 1690554826
660 1690554919
2380 1690554920
4120 1690554953
1600 1690554986
2740 1690555010
3020 1690555013
1380 1690555117
1880 1690555355
1680 1690555368
3860 1690555385
2200 1690555409
1220 1690555463
840 1690555538
1480 1690555617
200 1690555632
8700 1690555647
140 1690555665
4680 1690555813
3020 1690555968
280 1690556031
4780 1690556131
820 1690556140
4840 1690556190
1000 1690556277
2600 1690556313
720 1690556379
900 1690556503
1100 1690556557
3080 1690556588
3220 1690556641
380 1690556758
960 1690556765
4080 1690556779
1320 1690556806
3900 1690556891
5940 1690556905
840 1690556915
7680 1690557076
4140 1690557129
2940 1690557148
2040 1690557185
340 1690557216
8020 1690557235
1820 1690557288
180 1690557358
160 1690557475
3260 1690557542
280 1690557605
380 1690557717
1440 1690557755
2800 1690557845
3840 1690557854
2020 1690557899
2560 1690558017
860 1690558060
1760 1690558298
1920 1690558324
1240 1690558528
300 1690558559
4840 1690558577
3120 1690558584
240 1690558743
1560 1690558875
11800 1690558894
1460 1690558897
100 1690558940
4900 1690558977
7200 1690559174
660 1690559277
900 1690559300
260 1690559305
860 1690559450
2060 1690559514
3480 1690559542
520 1690559634
1400 1690559758
1540 1690559915
6080 1690559979
1580 1690560215
1520 1690560255
640 1690560261
740 1690560318
1960 1690560689
6620 1690560803
400 1690560830
1120 1690560904
1180 1690560941
240 1690560952
4040 1690561159
540 1690561298
1320 1690561336
160 1690561421
840 1690561502
300 1690561580
380 1690561629
1640 1690561704
120 1690561744
260 1690561776
1160 1690561819
4180 1690561822
220 1690561829
460 1690561892
200 1690561903
1460 1690561924
340 1690562146
3980 1690562209
4320 1690562289
580 1690562345
2740 1690562561
380 1690562642
5820 1690562667
160 1690562678
5160 1690562686
4000 1690562694
860 1690562747
820 1690562761
60 1690562826
1720 1690562832
1860 1690562885
380 1690562935
1180 1690562962
1120 1690563006
720 1690563018
8220 1690563043
2540 1690563257
2720 1690563262
9720 1690563355
580 1690563383
1440 1690563445
3140 1690563470
1980 1690563473
2300 1690563497
2060 1690563542
1740 1690563559
3020 1690563625
940 1690563667
960 1690563759
1580 1690563778
2760 1690563793
680 1690563793
1300 1690563799
760 1690563807
2480 1690563815
320 1690563867
5580 1690563894
80 1690563931
2600 1690564042
3040 1690564058
340 1690564073
740 1690564128
100 1690564188
1520 1690564206
1620 1690564256
3920 1690564299
740 1690564359
180 1690564417
15340 1690564696
1080 1690564712
2780 1690564835
540 1690564855
700 1690564920
320 1690565006
60 1690565224
2000 1690565257
3280 1690565618
2180 1690565822
1680 1690565870
300 1690565936
480 1690565944
1720 1690566052
800 1690566184
6820 1690566318
2520 1690566452
1140 1690566493
160 1690566515
3720 1690566519
2720 1690566575
1480 1690566590
4480 1690566756
1800 1690566761
6940 1690566834
160 1690566989
540 1690567040
680 1690567166
900 1690567167
200 1690567228
1280 1690567241
2000 1690567276
2000 1690567588
2180 1690567740
500 1690567817
540 1690567922
840 1690567932
660 1690567952
1960 1690568066
5340 1690568080
600 1690568117
4480 1690568130
380 1690568143
1460 1690568161
2460 1690568184
1740 1690568227
4060 1690568304
5340 1690568315
7980 1690568393
7160 1690568532
120 1690568581
3960 1690568640
280 1690568645
4760 1690568674
4400 1690568729
2200 1690568760
660 1690568767
1080 1690568936
2160 1690569004
1900 1690569021
3780 1690569050
3520 1690569123
900 1690569222
2040 1690569263
2320 1690569279
2560 1690569313
740 1690569419
1540 1690569451
220 1690569608
480 1690569620
4460 1690569669
200 1690569698
220 1690569766
11500 1690570006
8840 1690570058
1220 1690570108
6840 1690570178
60 1690570250
880 1690570282
80 1690570356
880 1690570422
3280 1690570545
1140 1690570566
280 1690570567
980 1690570573
3840 1690570584
200 1690570653
1040 1690570737
2020 1690570757
1000 1690570767
11660 1690570771
760 1690570830
2520 1690570865
13760 1690570915
420 1690570989
820 1690571050
860 1690571078
5180 1690571092
4380 1690571249
460 1690571313
1320 1690571365
740 1690571394
240 1690571415
1380 1690571430
720 1690571470
1200 1690571531
2280 1690571600
560 1690571786
240 1690571850
6060 1690571892
340 1690571932
1480 1690571986
1260 1690572202
880 1690572251
6120 1690572252
80 1690572277
60 1690572306
1420 1690572310
1080 1690572354
200 1690572374
3340 1690572395
7920 1690572465
2000 1690572554
220 1690572566
1640 1690572592
2160 1690572624
6280 1690572827
380 1690572943
420 1690573120
3460 1690573237
440 1690573351
1060 1690573384
1480 1690573410
1180 1690573436
8940 1690573488
4160 1690573622
1560 1690573747
3400 1690573777
1720 1690573789
5640 1690573927
320 1690573966
3880 1690574068
60 1690574080

